1.10000
1.07800
1.05600
1.03400
1.01200
0.990000
0.968000
0.946000
0.924000
0.902000
0.880000
0.858000
0.836000
0.814000
0.792000
0.770000
0.748000
0.726000
0.704000
0.682000
0.660000
0.638000
0.616000
0.594000
0.572000
0.550000
0.528000
0.506000
0.484000
0.462000
0.440000
0.418000
0.396000
0.374000
0.352000
0.330000
0.308000
0.286000
0.264000
0.242000
0.220000
0.198000
0.176000
0.154000
0.132000
0.110000
0.0880000
0.0660000
0.0440000
0.0220000
0.00000
