1.26633e-12
1.22853e-12
1.19218e-12
1.15719e-12
1.12350e-12
1.09104e-12
1.05974e-12
1.02954e-12
1.00039e-12
9.72219e-13
9.44984e-13
9.18633e-13
8.93116e-13
8.68387e-13
8.44401e-13
8.21117e-13
7.98491e-13
7.76486e-13
7.55062e-13
7.34183e-13
7.13813e-13
6.93918e-13
6.74464e-13
6.55417e-13
6.36746e-13
6.18417e-13
6.00401e-13
5.82664e-13
5.65176e-13
5.47905e-13
5.30817e-13
5.13879e-13
4.97058e-13
4.80316e-13
4.63615e-13
4.46914e-13
4.30168e-13
4.13328e-13
3.96339e-13
3.79136e-13
3.61643e-13
3.43769e-13
3.25396e-13
3.06360e-13
2.86416e-13
2.65146e-13
2.41699e-13
2.14013e-13
1.76350e-13
1.13706e-13
0.00000
