2
32
1.03795e-12
1.07629e-09
1.1749e-12
5.14255e-10

4
32
9.29337e-13
1.06335e-09
1.0179e-12
5.39801e-10

8
64
8.9499e-13
1.14597e-09
1.01675e-12
6.2816e-10

1
64
1.04609e-12
1.116e-09
1.25436e-12
5.30244e-10

2
64
9.27675e-13
1.08811e-09
1.08754e-12
5.40882e-10

4
64
8.8656e-13
1.09605e-09
1.02147e-12
5.68321e-10

8
128
7.19094e-13
9.90363e-10
1.02454e-12
5.85036e-10

1
128
9.7938e-13
1.19079e-09
1.28149e-12
5.96662e-10

2
128
9.28281e-13
1.18379e-09
1.20542e-12
6.09184e-10

4
128
9.20815e-13
1.20234e-09
1.18479e-12
6.37654e-10

1
256
1.00908e-12
1.3964e-09
1.57002e-12
7.9763e-10

2
256
9.92076e-13
1.3999e-09
1.53985e-12
7.94326e-10

4
256
7.74598e-13
1.15658e-09
1.36385e-12
7.92693e-10

1
512
1.15352e-12
1.78114e-09
2.26857e-12
1.3247e-09

2
512
9.26282e-13
1.52275e-09
2.08282e-12
1.32306e-09

WL boost numbers

2
32
9.801e-13
1.09083e-09
1.11795e-12
5.25758e-10

4
32
8.65275e-13
1.08122e-09
9.5472e-13
5.54587e-10

8
64
8.22109e-13
1.19493e-09
9.44818e-13
6.62264e-10

1
64
9.91367e-13
1.15504e-09
1.20059e-12
5.54506e-10

2
64
8.69733e-13
1.12907e-09
1.03055e-12
5.67021e-10

4
64
8.22196e-13
1.14027e-09
9.58057e-13
5.97707e-10

1
128
9.24701e-13
1.25355e-09
1.22768e-12
6.22138e-10

2
128
8.70398e-13
1.24834e-09
1.14841e-12
6.3643e-10

4
128
8.56752e-13
1.27022e-09
1.1216e-12
6.68232e-10

8
128
6.46525e-13
1.06289e-09
9.52847e-13
6.20259e-10

1
256
9.54298e-13
1.50283e-09
1.5161e-12
8.14696e-10

2
256
9.33881e-13
1.50848e-09
1.48252e-12
8.11392e-10

4
256
7.10084e-13
1.26831e-09
1.3002e-12
8.09759e-10

1
512
1.09868e-12
2.1305e-09
2.21467e-12
1.34146e-09

2
512
8.68121e-13
1.87405e-09
2.02559e-12
1.33983e-09
