2
32
1.32097e-12
1.17106e-09
1.55863e-12
5.21935e-10

4
32
1.41363e-12
1.19238e-09
1.66345e-12
5.51511e-10

8
64
1.41272e-12
1.22273e-09
1.5805e-12
6.35399e-10

1
64
1.04609e-12
1.116e-09
1.25436e-12
5.30244e-10

2
64
1.09605e-12
1.14138e-09
1.29805e-12
5.44913e-10

4
64
1.20753e-12
1.16262e-09
1.39822e-12
5.74466e-10

8
128
1.19225e-12
9.9891e-10
1.39739e-12
6.18208e-10

1
128
9.7938e-13
1.19079e-09
1.28149e-12
5.96662e-10

2
128
1.05567e-12
1.21611e-09
1.32867e-12
6.11298e-10

4
128
1.20944e-12
1.23735e-09
1.42546e-12
6.40862e-10

1
256
1.00908e-12
1.3964e-09
1.57002e-12
7.9763e-10

2
256
1.13223e-12
1.42159e-09
1.61914e-12
8.06119e-10

4
256
1.1116e-12
1.16197e-09
1.52357e-12
8.29986e-10

1
512
1.15352e-12
1.78114e-09
2.26857e-12
1.3247e-09

2
512
1.12782e-12
1.53443e-09
2.13573e-12
1.33447e-09

8
32
1.57558e-12
1.25241e-09
1.8497e-12
6.12438e-10

2
32
1.26289e-12
1.18663e-09
1.50229e-12
5.33438e-10

4
32
1.34808e-12
1.21114e-09
1.60208e-12
5.66297e-10

8
64
1.33743e-12
1.27254e-09
1.51294e-12
6.69502e-10

1
64
9.91367e-13
1.15504e-09
1.20059e-12
5.54506e-10

2
64
1.03776e-12
1.18334e-09
1.24168e-12
5.71052e-10

4
64
1.14213e-12
1.20777e-09
1.33669e-12
6.03852e-10

8
128
1.11768e-12
1.07234e-09
1.33047e-12
6.35807e-10

1
128
9.24701e-13
1.25355e-09
1.22768e-12
6.22138e-10

2
128
9.97447e-13
1.28164e-09
1.27234e-12
6.38544e-10

4
128
1.14447e-12
1.30618e-09
1.36432e-12
6.7144e-10

1
256
9.54298e-13
1.50283e-09
1.5161e-12
8.14696e-10

2
256
1.07373e-12
1.53115e-09
1.56246e-12
8.23184e-10

4
256
1.04616e-12
1.27466e-09
1.46187e-12
8.47051e-10

1
512
1.09868e-12
2.1305e-09
2.21467e-12
1.34146e-09

2
512
1.06951e-12
1.88672e-09
2.07913e-12
1.35124e-09

8
32
1.49898e-12
1.27572e-09
1.78212e-12
6.3187e-10

