-9.41315e-13
-9.18032e-13
-8.96711e-13
-8.77122e-13
-8.59064e-13
-8.42357e-13
-8.26844e-13
-8.12386e-13
-7.98862e-13
-7.86164e-13
-7.74198e-13
-7.62880e-13
-7.52137e-13
-7.41903e-13
-7.32120e-13
-7.22737e-13
-7.13705e-13
-7.04984e-13
-6.96534e-13
-6.88320e-13
-6.80308e-13
-6.72467e-13
-6.64768e-13
-6.57182e-13
-6.49682e-13
-6.42242e-13
-6.34834e-13
-6.27432e-13
-6.20012e-13
-6.12545e-13
-6.05007e-13
-5.97369e-13
-5.89605e-13
-5.81685e-13
-5.73579e-13
-5.65256e-13
-5.56681e-13
-5.47814e-13
-5.38611e-13
-5.29018e-13
-5.18965e-13
-5.08359e-13
-4.97065e-13
-4.84868e-13
-4.71400e-13
-4.55942e-13
-4.36876e-13
-4.09845e-13
-3.60883e-13
-2.47897e-13
0.00000
