1.20185e-12
1.17034e-12
1.13988e-12
1.11041e-12
1.08189e-12
1.05425e-12
1.02746e-12
1.00147e-12
9.76235e-13
9.51720e-13
9.27886e-13
9.04693e-13
8.82108e-13
8.60096e-13
8.38625e-13
8.17663e-13
7.97179e-13
7.77143e-13
7.57528e-13
7.38306e-13
7.19449e-13
7.00930e-13
6.82724e-13
6.64804e-13
6.47146e-13
6.29722e-13
6.12509e-13
5.95479e-13
5.78607e-13
5.61865e-13
5.45225e-13
5.28659e-13
5.12136e-13
4.95623e-13
4.79086e-13
4.62487e-13
4.45783e-13
4.28929e-13
4.11870e-13
3.94546e-13
3.76882e-13
3.58787e-13
3.40143e-13
3.20785e-13
3.00461e-13
2.78731e-13
2.54693e-13
2.26129e-13
1.86850e-13
1.20732e-13
0.00000
